369
149
378
160
384
151
381
236
214
185
185
137
114
319
113
364
319
236
309
300
253
198
205
119
326
225
249
123
183
305
213
233
230
190
123
119
245
193
293
227
196
203
119
243
198
198
337
185
245
156
304
271
179
309
270
255
319
227
205
324
193
136
121
185
324
253
188
316
340
347
165
258
179
378
122
285
147
252
233
121
125
120
126
145
255
324
191
136
185
177
203
181
278
185
229
250
232
237
247
230
849
1529
844
1693
1233
411
1263
1465
792
1427
736
1515
1452
1564
1606
1471
802
723
1299
750
1485
1638
758
1140
777
1654
791
744
400
775
1493
980
980
818
1411
779
1163
1399
1484
903
650
985
1170
757
903
1389
1634
1497
841
1486
827
1545
1104
1476
1265
829
1203
1145
781
515
1338
565
1129
893
1506
1381
780
768
1569
240
772
951
850
1218
1225
1379
1463
780
647
554
1527
1217
863
1695
1026
916
776
839
865
1442
1552
1281
910
564
285
1152
981
709
721
883
1924
1590
1548
1064
1352
2066
1171
1021
1196
1710
1569
1334
1370
1144
1766
1735
1621
1132
1907
1485
1025
1377
1904
1743
1675
1247
1348
1878
1004
1624
484
1553
1148
1441
1094
1788
1137
1654
1675
1385
1179
1347
572
1584
1490
1780
2015
1799
1547
1774
1268
1224
1944
1590
1896
1142
1531
913
1588
1242
1547
1716
1665
1271
1609
1734
1727
1245
1466
1891
1632
1799
1490
1200
1012
720
1864
1473
1578
927
1975
1196
1543
1950
1514
1941
1821
941
1666
1195
1965
1916
2006
1912
1133
1313
929
1884
1648
1694
1446
963
1334
793
1360
784
977
1495
1393
1518
922
1227
1148
1192
1196
813
1029
648
1136
1059
1503
797
758
1439
1534
1100
1240
1595
1135
965
576
627
638
1931
1354
776
752
540
948
1056
702
800
1313
1451
905
1088
1350
618
903
1117
1784
1036
643
1100
633
756
1310
1337
585
745
760
1134
1789
1364
599
1620
1443
846
770
1127
1002
1124
1383
1321
1327
1053
1359
623
768
1210
779
957
1335
549
1192
732
1880
538
855
1371
652
952
704
1344
1848
1107
1408
808
1068
1682
961
686
885
1128
845
566
737
938
363
1127
654
1115
575
1027
589
420
1209
596
1517
563
1076
547
822
808
727
857
1234
812
538
1408
525
781
1033
1019
635
1600
823
865
585
1010
1040
905
594
654
346
1157
590
842
1179
746
290
283
306
681
1151
633
898
766
434
867
823
788
815
742
1191
477
874
1128
1174
312
743
880
1132
1107
735
785
1061
1122
819
363
617
710
286
305
741
645
1173
871
776
1137
486
571
336
776
340
313
1063
801
772
768
985
864
631
287
1001
278
787
558
864
577
824
777
610
429
293
782
755
1215
830
460
1021
767
1194
397
639
445
624
808
819
373
637
983
784
641
285
838
1045
300
1129
605
911
1008
772
305
447
360
1153
1133
356
784
1406
963
1155
1204
1212
275
508
521
838
1176
796
1388
696
491
1171
514
491
400
713
1137
620
577
790
1501
1006
523
1284
520
1259
588
462
1051
398
409
590
1282
1120
943
927
1254
1313
881
1044
1527
585
1372
1335
1046
644
980
1270
694
1536
1340
390
1125
763
567
549
1283
852
1070
935
1323
1104
772
874
1189
1367
648
1531
269
1150
309
883
1260
1296
499
1455
817
833
661
772
1396
656
460
1300
1375
830
1486
532
758
655
758
969
960
616
1104
1417
537
1891
2045
1987
1929
1768
1984
2010
1975
2082
1931
2042
2008
1821
1967
1899
1956
1813
1986
1914
1920
1900
1806
2033
1923
2025
1852
1952
2082
1747
2037
1879
1798
1965
1962
2084
1798
1801
1948
1923
1765
1875
1976
1964
1812
1828
1931
1894
1793
2164
2106
1795
1996
1829
1962
1987
1847
1967
2124
1852
1829
1809
1880
1799
1947
1929
1869
1943
1797
2006
1767
2139
1975
1895
1944
1880
2064
1862
2051
1955
1829
1937
1858
1900
1878
2023
1919
1962
1900
1836
2040
1801
1980
2079
1881
1980
1829
1980
2085
1791
1931
1368
1187
1009
1869
1403
764
1246
1323
711
1213
2151
1540
1845
1538
1545
1961
1685
1822
1788
1356
1390
2142
1757
1848
1494
1409
1592
833
1915
1483
1692
1569
1813
1102
1519
2002
430
1863
1489
232
1926
1966
1151
736
1335
1701
1886
725
1413
1445
1521
1453
1216
2129
1394
793
1631
1889
1037
1871
1296
1135
857
172
1364
1260
1177
1969
1383
874
1528
1380
1397
522
1303
1604
1472
1666
653
1435
1198
1066
1486
1892
570
1637
1273
1456
919
1759
2098
842
1327
1346
1538
1702
1781
1245
1013
1088
1389
1798
1597
1771
1870
1840
1836
1812
1307
1730
1375
1211
1010
1456
1381
1263
1532
1430
1335
1609
927
1650
1796
1138
1204
2079
1135
1659
1566
1880
512
1449
1347
1102
575
1457
1073
1134
1752
1207
734
1332
778
1850
1029
1915
1910
1094
867
1546
1647
1570
1900
2091
1521
738
1607
667
1218
1915
1904
454
602
1366
1432
925
571
1558
1491
2061
1792
1867
975
1764
1014
1432
1690
1930
1655
1678
948
1803
1880
1376
1614
1439
605
1020
778
1501
1935
1932
1333
1401
1170
1521
1703
1802
1297
1647
1535
1362
1915
1533
994
1641
1394
1524
1611
1933
1494
1670
1734
1500
1632
2170
1639
2080
1531
984
1138
2159
1973
1932
1200
1692
879
534
1443
1583
1127
1016
1201
1932
1946
1630
1704
1952
1998
1771
1557
1595
1835
1458
1988
1507
1280
1814
1797
1862
729
720
1902
1601
1729
2042
1596
1913
1410
1981
1193
1797
800
1622
1675
1704
1304
1511
697
1927
1629
546
1576
1790
592
1240
1628
1817
1576
1273
888
777
947
1463
1432
790
1786
1122
1139
1751
1309
834
1819
1247
1140
1556
413
1338
1185
1710
546
1334
939
1885
1455
1295
1724
1694
661
1871
1541
1134
1009
1651
1581
1246
1498
1535
1446
1622
1468
1536
731
1412
1234
1623
1207
1589
1836
942
1291
1209
1817
1442
1362
592
1145
1884
1431
882
1802
1408
1098
1809
1298
1440
456
1107
1835
1682
971
943
1867
1124
1327
1733
1618
1294
855
1843
1574
1548
1782
1379
1516
1557
1853
801
1695
1713
1525
1434
1780
773
1622
1494
1877
1960
1544
1551
1466
1830
1466
957
1052
1241
1247
1399
1778
2099
1497
1040
1115
1087
1318
1230
2017
1519
1770
1221
1645
1573
276
2108
1381
1649
1628
1850
1884
893
418
1001
696
1551
1767
1887
504
1363
1715
1544
1397
1468
1206
1802
1143
1607
1495
1545
1964
1678
425
1627
620
1636
1796
1590
854
1495
1289
947
1483
621
1463
1673
1436
1940
1818
1308
1187
1145
1689
1089
1569
1426
757
1131
1369
1030
1807
1125
1988
498
1769
1283
1845
1465
440
586
1778
606
1006
1545
1440
1702
1357
1817
1330
1746
774
1500
1237
985
1546
1583
1612
491
1009
796
1426
1328
1089
1193
922
1160
1090
1398
1918
1925
1967
1321
1929
1824
986
1231
758
909
1527
1194
1764
1802
1526
659
1578
1224
1655
1716
1896
1218
1816
850
1538
1259
1051
1531
1379
1610
1793
925
1268
1570
669
1610
1357
891
1849
1490
2101
1196
543
1111
1500
1863
1765
1697
1395
1372
1641
1660
1356
1268
1888
1381
1555
1437
1483
1836
1817
1820
1239
1097
1047
1254
1581
739
1924
1580
795
1531
2023
1168
1153
1057
1181
1218
683
1357
872
1394
1216
1107
1637
970
1296
1211
1106
1289
1649
766
1691
1126
506
1354
977
1462
1096
1435
1230
1214
1222
1730
1141
1612
1197
1612
1916
2099
1660
1267
611
1545
1511
1293
1344
1622
1938
1534
1274
1502
1077
2036
1811
1894
1199
1347
1424
1437
1462
733
1826
1221
1541
1351
660
1472
1868
1337
1900
1345
1606
550
1495
2151
1228
1682
1923
1670
1461
1637
1493
1524
1322
1564
1563
2061
902
762
1721
1188
1248
233
1367
608
935
1618
970
1523
1744
1758
1352
1897
1390
1147
1180
1808
1309
1470
1610
1295
938
1540
1516
1220
1280
1480
1621
1131
1676
1475
1616
1784
1166
1937
1482
1803
945
2019
1619
1957
1285
1103
1899
1559
1267
1026
1422
1801
1524
1591
1397
433
1607
813
1030
1283
2175
1249
1409
1484
794
648
1325
1482
1429
1364
966
1051
1484
1512
1461
1364
1916
1651
1194
945
1505
1745
1600
1419
1503
724
1487
763
774
1299
1585
1614
1844
1264
1505
802
1411
1640
1120
1913
1232
1866
684
580
1509
1145
1804
1194
1829
1648
1452
1675
1197
885
1799
1519
404
1171
804
1107
923
1478
1304
1316
2020
656
808
542
1333
1141
1384
966
2173
1417
298
1528
1211
451
1194
1266
885
1812
1604
1698
864
415
1286
876
1511
1539
1140
1640
438
613
1677
1707
636
982
1149
1276
1450
1390
1790
485
1330
837
1515
1437
1780
1466
1490
1914
1436
1899
1229
1409
632
1490
1282
569
1560
1663
1570
1687
1456
1442
1489
1146
1349
1219
623
1760
1629
1527
1389
2061
1816
1803
463
1180
1217
2010
1522
1029
1503
987
1907
1696
2083
1551
1449
734
1980
1692
319
1338
900
1345
1533
1184
1503
1697
1248
1803
1217
1024
1434
1641
793
1294
1523
852
575
896
1326
1154
1595
1115
1833
1499
644
1550
1486
1342
1287
1291
1759
1523
1887
2157
1928
1563
1178
916
1279
1173
1735
1755
582
1785
1902
1860
1715
1306
1378
1138
1253
1742
711
381
978
562
1231
1085
900
657
657
1614
1490
424
1181
1820
905
1554
1633
1466
1664
233
1481
1496
982
1273
1118
1151
1944
1326
1541
733
2117
1106
1940
1028
1414
1260
1626
758
1196
433
1430
1707
1881
527
1751
658
856
983
1211
1674
1429
1516
1560
907
509
1194
1921
1602
1155
2050
1869
1449
1015
1570
1465
770
1579
1143
1775
1330
1505
1440
1478
1418
1635
1469
1413
1434
1210
1570
1786
1101
1677
1129
719
1463
1554
1894
796
1154
1204
1127
1831
1232
1955
570
1347
1512
1289
1508
1763
1913
1561
1109
1329
1737
2083
502
1983
797
1068
1540
1015
1472
574
1850
1523
1942
1909
1362
1655
1533
1926
1658
1186
893
867
1613
846
1707
1358
1356
2210
1404
1643
1600
1181
1771
1744
1939
374
1079
838
1472
1790
1686
1306
1848
1446
1488
1634
1762
1522
1938
960
1353
994
1683
1523
1733
643
1310
628
1219
1220
1231
553
1399
1405
1650
1134
688
1111
1609
586
718
1438
1762
1284
1511
1683
1754
1622
1627
1512
1342
1764
1395
1226
759
1144
1127
1528
342
1533
1875
1702
1386
1497
922
1533
2128
1116
1209
1822
1167
1249
1277
1585
965
1165
1850
1813
1892
1279
1612
1803
1659
1939
1511
1582
1726
1329
1836
1368
1601
1330
1513
1549
1486
698
630
1709
1608
1067
1118
1116
1526
1027
592
618
1604
1691
1507
1054
1950
1900
2021
1225
1554
1060
1028
971
1774
640
1755
1065
1458
1863
1320
1432
1031
1506
1537
531
1354
1196
1467
1381
1561
655
1435
1594
119
754
1918
1606
862
1176
1841
707
714
1857
1708
1704
1928
1922
1329
1523
1212
1802
1659
1587
1609
1996
434
1540
1265
1539
1525
734
1241
1298
1277
792
1456
1882
1502
921
1493
1366
1607
1895
1930
669
280
835
1643
1551
1853
1594
1570
1813
1722
1748
633
1776
1879
1559
1762
1927
1087
1893
1235
1043
1413
947
1615
1532
1752
967
1508
269
1898
1461
1374
303
828
1610
1605
1534
1012
1817
1426
861
1807
1259
913
684
1240
1884
1980
1228
707
1043
1107
929
1697
1131
1371
1332
1305
1421
1820
856
1085
1857
1686
422
1959
1445
2089
1777
859
1184
595
1689
1683
565
1122
1532
646
1080
812
1655
1528
2089
976
1187
1000
1338
1940
665
1894
1372
1268
395
1464
1525
1904
1593
709
1621
1082
1639
1375
1576
1689
573
1122
1089
943
1397
1507
1786
1479
1424
1459
1048
1391
1226
2021
786
1867
1396
1682
1506
1107
1466
1922
1717
868
1582
1506
2059
1460
1696
1542
1427
1510
1632
1800
1106
1534
814
1724
1848
502
1425
1898
1850
1154
1198
764
1159
1802
1190
1748
1210
736
1219
1615
1100
1558
1206
462
660
1764
2030
1814
1624
2016
1327
1526
1719
1598
1324
1297
1445
1660
1126
1583
1324
1159
951
558
1844
1259
1482
874
1117
1471
1593
1132
1334
1757
797
1883
1008
780
1504
1097
1648
1936
1062
1802
1836
1915
526
404
937
1537
1551
602
1828
1837
1305
1608
677
679
1723
504
176
1236
1889
1682
1412
1945
1722
1975
1669
1424
1284
1688
872
1464
1483
1598
1229
1635
1183
1560
1552
1461
1432
954
1849
1062
1536
2126
787
1862
306
1976
1127
1687
1717
1095
1578
1973
1636
1592
594
1523
1708
1575
1215
1773
1077
1881
1618
1122
336
1866
444
294
1241
908
1789
1785
1465
1830
1576
1302
1561
954
610
1464
1209
1528
1270
1467
1701
1640
1498
487
1502
1462
1615
924
623
1184
1149
1337
1018
1656
1561
1820
787
1842
828
1940
1896
1466
1261
1485
863
1872
1298
922
1610
936
892
603
854
526
1873
1892
1493
1057
1201
539
1514
1497
1177
419
1592
1628
543
1384
809
914
1202
1974
963
336
1244
1948
1485
1869
1918
1140
1644
1912
1278
912
1107
1721
1357
1508
951
1530
2050
1439
1137
1895
1965
1380
1701
1444
749
1886
1156
1220
1531
1769
1491
550
1528
799
974
199
1669
1897
1719
1204
1302
1689
1909
1613
983
1486
642
1828
1891
1066
1783
1113
1705
1862
1636
647
672
1522
1838
1447
1187
1325
1339
1174
1811
1601
1830
1603
952
1824
1478
1470
957
1371
816
709
1273
1443
1555
1528
1838
1197
556
979
1778
1625
1681
1366
1080
1358
540
1941
1060
1914
955
1627
618
1358
1208
1039
409
1671
1703
718
1158
2050
1844
1100
1863
1513
1592
1617
1497
2098
978
718
1910
1629
1542
1860
2164
1510
1479
1594
1387
1210
1244
1215
1604
1486
1955
1537
1596
1646
1659
1280
1816
1063
1400
1438
1615
2015
585
895
1364
1941
1786
1070
1936
1630
1436
1814
928
898
1791
281
1862
1946
1951
1728
1401
1522
1514
1824
501
1659
1199
1181
1931
1326
1267
1468
1636
1432
1490
1610
1382
1793
797
1342
1146
1157
723
458
953
1585
379
1530
885
1516
1921
1907
1565
1896
1507
1355
1661
1911
1106
513
1191
1778
1615
1834
1897
671
423
1776
1140
1774
979
1842
1135
1591
1226
1149
1377
1399
1951
1204
1995
1500
1442
1490
1622
1915
1640
1375
881
2079
1138
805
1579
1301
1418
641
1096
1227
1435
1640
1997
1234
1459
1578
536
1487
1381
1882
1874
576
578
1465
1860
1171
1873
778
1206
1398
755
2099
1421
1106
1829
1902
1469
1028
717
1466
1583
1804
1511
1716
1612
1126
1840
1628
1188
1898
308
1710
1331
1646
582
754
1890
1852
1248
774
1570
1896
1681
1290
1657
1656
1205
1690
1651
1498
1136
1294
723
1545
2106
1590
1898
2173
1836
1497
1610
703
892
1519
806
1506
1220
1942
990
1680
1630
1585
1722
1536
1785
641
983
561
1123
563
1856
1693
2113
1580
1218
1126
495
966
1667
1491
1668
1026
915
1369
1303
1560
930
845
1540
1527
1923
862
1004
271
706
1651
1227
1798
1299
1645
1551
1801
1900
1160
1899
1527
1610
1006
1277
1741
244
1860
1843
1131
1514
1086
1750
1194
1489
1487
1353
648
1679
1583
1610
972
838
1880
606
1551
1954
872
1350
1962
1498
785
1815
1205
1179
1338
1826
989
1329
1958
1548
1169
1636
1595
1349
1028
1507
1156
650
1233
1345
378
1645
498
1534
1229
1737
1664
1762
1462
1556
410
841
1488
1887
1217
1632
1908
1427
1415
1555
1182
1583
494
2191
1214
1007
775
668
1867
1193
1445
1893
1791
1135
1617
1544
1079
1919
1651
1412
1554
1309
1940
1499
1686
989
649
1696
1559
1323
1001
2092
1187
1711
1596
1624
1486
1154
1519
1336
1903
1203
1724
1677
1610
2151
1305
1188
1626
1618
1425
860
1036
1658
1477
1844
1596
1245
913
1159
1119
1868
1521
1238
1831
1297
1489
1981
1881
1606
1635
1633
1180
506
1635
1995
1792
1593
2185
1697
1848
1160
1086
1303
1755
1432
1620
1190
1466
1696
655
1830
1436
1952
2161
1266
691
1550
1803
1741
1676
1047
1904
1816
1866
1217
1608
1947
441
670
1417
856
1419
988
1793
1089
1214
994
1143
1501
1455
1334
1167
1731
1596
1271
930
1950
1516
1512
1309
1489
1752
1344
1186
434
904
1480
909
1452
1528
1397
2108
1890
1767
1605
1599
1444
1900
1479
1596
1846
1941
1363
1747
1569
1568
1795
794
1122
2011
2029
1392
933
1496
1959
1523
1630
1595
1939
1011
1701
600
1266
1592
501
1512
1628
1894
1786
1700
1162
1109
1335
1909
1871
1318
1531
1338
736
1676
1207
1467
1188
1526
1845
1929
1934
1507
875
1846
980
1608
1417
1714
1220
1017
1196
1662
1253
1590
1058
1683
1631
1835
1958
1653
434
1365
1137
1363
2106
820
1607
1873
1104
1294
1800
1767
1601
1440
505
837
1206
1566
1562
1606
1596
1537
1380
1605
657
1639
1803
1903
1891
1835
1537
908
996
1659
812
1532
1506
1575
861
1620
1898
673
1811
951
743
1751
1334
1796
1819
1600
710
1481
745
1393
1583
1125
1446
1353
985
886
1455
969
1804
1309
1251
1687
1240
856
1180
1528
912
622
687
347
1363
1814
658
1606
1557
1678
1545
1724
1914
877
1462
2101
1347
1729
1335
1283
1680
1306
1317
1033
1416
1720
1466
1209
1655
746
1066
957
1666
1099
1369
838
913
1425
966
661
322
1637
954
849
1870
774
2017
1150
1412
1833
1342
642
1790
1741
1766
669
989
1041
1583
573
1444
1720
1279
1892
1160
1145
1702
1563
1924
1966
1489
1661
1795
706
1395
705
1770
1022
302
612
1229
1530
1852
1005
1466
1318
599
1359
1655
1485
1423
1890
418
1603
850
1780
1145
1226
1042
1935
1337
1249
1976
1606
1222
1915
1583
1564
1974
1725
1144
1528
1403
1453
1203
1782
1125
1605
1646
1778
1577
2188
2106
505
1495
1868
1545
393
796
1128
1994
1344
1437
1779
891
1620
1594
1756
511
752
1725
1733
954
1138
1948
1771
1693
1673
1333
572
1910
1453
1207
2172
1284
1787
1212
1615
1751
1855
1760
638
1670
1286
1552
1882
1414
1530
1341
1739
820
579
1096
1297
1796
1179
1869
1286
1480
1280
1370
1225
1172
1911
1918
1266
881
1047
1511
2117
881
1753
1411
2092
1239
1911
687
1597
1353
1134
1282
1101
1007
1601
1205
1764
1515
1151
1681
1450
1339
1367
2184
1510
1454
1154
1120
1917
1419
1568
806
1449
1820
1646
1745
2011
886
1487
1742
1641
687
1965
461
1545
1528
1546
1252
764
1151
1751
1041
1585
1546
1526
1762
1080
1916
1402
1632
1791
422
1258
1122
1757
1881
310
982
1341
1720
1907
1289
1871
1848
1047
1604
1888
1620
1558
1486
1160
1944
1443
1275
1207
1572
1360
710
1431
1885
926
1444
1406
1329
1282
883
760
1520
1437
1026
1169
1894
1532
1646
637
1327
576
1022
1392
618
633
1461
748
1843
1332
1281
1889
1330
1478
1570
1339
1331
1303
1321
1632
908
685
711
547
2094
1697
1296
1008
418
1166
1439
1413
1207
2184
1291
1378
1561
1807
1739
1501
1456
1144
1760
1878
1456
1428
1599
656
1680
1273
1153
1850
1967
1888
1016
1554
894
897
1869
1020
1437
441
1362
1809
952
1610
1696
1896
353
1329
1998
1919
740
1310
1423
1823
1515
1932
1157
1521
762
1485
1069
547
1441
244
1877
686
729
1608
1274
2070
1246
1890
1945
900
1865
1519
2048
435
466
1443
1655
1529
404
1680
2175
1133
1174
763
1737
1841
1650
2066
1625
1546
530
1111
1765
1975
1710
1844
546
1634
1411
1975
1320
1373
1614
1648
812
1845
1339
1539
1858
1374
1263
1492
1926
667
690
1947
1743
618
1578
1529
1524
1871
1789
1106
960
1712
1329
1603
781
1455
946
1293
1332
1529
1886
1464
1008
1632
1547
1184
1376
1802
1753
1643
1746
1502
1905
1634
1853
1882
1233
1333
1588
1036
1704
1519
1869
1469
1716
2030
596
1308
678
1740
1529
1662
1405
682
1372
1366
1449
1262
1810
1889
1187
1931
739
1583
713
1584
1193
940
1648
1150
1005
592
1425
1445
1473
1832
1686
1479
1747
1735
1515
1527
1176
1255
1478
1965
813
997
1900
768
1563
1568
1285
1436
1776
1350
1864
1813
1030
1544
1132
763
1375
661
1753
1910
1530
1476
1679
293
1617
1156
1198
1508
1051
577
1752
941
1362
1715
687
1515
661
405
1407
1628
1168
1422
1516
1120
1889
1679
1631
1630
1454
1460
748
1708
1847
778
746
941
1697
1827
1190
1951
1278
1224
1914
962
1920
604
1435
1546
912
1817
1295
1205
1782
1306
733
1801
1983
1617
1509
1208
925
1249
1555
1265
1916
1575
1396
1221
831
1790
1505
1251
1450
1888
2168
570
1768
1739
772
290
1566
1360
1327
1110
628
1636
1524
1459
1710
1591
1426
1011
1570
1007
1183
1226
1176
1083
760
756
1621
2068
1760
1892
1191
1629
1455
1174
1299
1974
1194
1660
1466
2025
1535
1386
1462
1953
1024
886
1441
1574
983
1014
1205
1230
1793
1442
1327
1820
1621
1603
306
344
1949
1686
1028
1867
612
820
747
1451
1203
1996
859
1527
1431
707
1852
1153
612
1331
1750
1667
1277
1905
1463
685
1831
2089
1422
2097
1216
2169
1207
1824
685
1429
603
1204
1464
1480
1290
1535
707
739
1529
1234
1950
1870
1605
741
1393
1048
667
1637
864
1422
1341
1427
1473
1668
964
981
1841
1353
1977
694
809
1838
779
1328
1687
1539
1247
198
1808
1326
1980
1408
1349
1157
1921
1753
1690
1617
1792
780
1887
1503
1510
1611
1809
1456
1353
1628
1757
1164
1756
1349
857
596
1351
1923
983
973
1645
830
1606
1314
1186
1543
1519
1567
924
1727
1220
1140
1113
1456
1314
1557
865
1046
881
1793
1235
1443
1133
2153
1807
1242
1854
1228
1772
1548
1227
1221
1562
1144
444
1637
1376
1005
2029
1082
1810
1032
1465
1145
1905
1539
1908
1581
1596
1851
758
1635
840
1387
1096
1222
1059
1980
1800
1356
1202
685
1601
2170
1770
634
1212
886
1546
1499
1474
1584
1490
229
1344
1754
1446
1639
978
1844
1888
868
549
2172
1150
1721
1720
1368
1954
1273
1717
1771
525
1291
242
1763
614
934
1843
1953
600
1272
1568
1963
1819
416
1422
1165
1876
965
1977
1913
2010
1276
1719
1192
1471
663
1692
1329
990
1082
1677
1336
1542
298
1720
1693
981
1085
761
1514
980
1185
1250
1054
1540
1532
1009
1314
1553
1283
1555
1316
1823
1855
1060
1206
1041
1413
864
676
1307
677
1805
1363
700
1817
1166
1962
1275
1041
1361
756
1327
1329
1169
1849
653
1307
1419
1511
568
1453
1370
917
1929
1837
1044
1354
1097
1653
1665
1372
978
763
2050
1221
2088
1160
620
1953
1426
1532
1199
1382
1523
1291
1239
640
1348
1347
1335
1285
543
1429
1070
1365
1436
1683
1951
1421
1034
1900
1044
1571
1126
1685
1259
1186
1585
1616
1744
798
1183
2085
1774
1705
1348
1943
1757
2068
1593
1510
1592
1824
1455
1218
1376
1289
1126
500
1049
1833
1245
1555
1895
1623
1360
882
1574
1852
397
1446
1391
1398
1625
1157
1149
530
392
1325
1632
1968
1788
1591
1200
1762
1503
1894
898
1753
699
913
1161
1174
992
1606
1189
1575
1607
1613
1424
1427
1684
1301
1587
1910
1665
855
1272
1756
1048
1155
891
910
1479
1558
937
825
1149
1751
1436
1331
964
1834
1553
1595
1620
1400
1234
747
1366
654
820
1747
1967
1286
1955
702
1237
795
908
1051
1264
1564
1456
847
1499
1808
1302
1314
1675
1610
1976
1249
1041
1394
1744
1274
1249
1594
1126
506
1468
1615
807
1221
1217
889
1433
1560
1097
1178
1630
1634
1723
1777
1408
1434
1527
1802
1693
1915
1859
1626
1707
1187
1469
1258
1186
1751
1318
1205
1685
730
1791
1209
997
971
1910
1558
1515
1644
1443
1588
853
1386
925
1498
1709
1044
1214
1495
999
1297
653
1529
1819
965
1246
757
1564
231
893
814
1449
1587
2071
2124
1353
1942
780
963
1929
1557
1258
1210
1511
1259
1914
1547
1023
2116
2108
2016
1630
1364
579
1570
1204
1518
1498
959
524
1903
1377
792
1488
1446
1281
1427
1912
1001
821
1316
1647
734
723
358
1863
1659
1429
1874
1309
1913
1613
1413
1566
1935
1595
1272
1389
761
737
1530
1574
1575
1380
943
1790
1791
1639
1977
1598
1735
1454
2177
1781
1152
599
660
1755
1103
1653
1692
1316
1029
1435
1359
1518
793
1048
1788
788
1644
1043
1637
1491
1215
776
1554
1235
1523
1322
1259
1696
1305
1443
1436
1628
744
1607
1726
1569
559
604
1802
1062
827
1407
749
1635
1604
1662
1776
1646
1367
1872
1885
1234
1491
1512
1565
1165
1115
1529
1331
1263
1607
1675
1306
1515
1772
730
729
1590
1474
1427
1761
1619
1206
1087
1643
1382
1057
1889
1477
1851
1528
1786
1141
1465
1688
1768
2097
759
628
1255
1413
874
551
1817
1154
1817
1258
1760
1840
1728
715
1505
1679
1134
708
403
1211
1770
1656
742
1321
1528
1682
1552
1935
1975
1876
1497
1961
954
1154
412
1703
1502
1333
1517
1614
2124
1807
1752
1492
1443
1307
1585
2005
1926
1142
610
1665
1159
1184
1414
1348
1880
1146
1112
1064
434
1552
1387
1573
1451
1116
1180
1324
1053
355
1542
677
1615
1060
1942
997
1902
1823
1468
1625
1891
1111
1803
511
1051
2176
1004
1207
1231
1598
342
1269
1484
1355
1885
1896
313
1524
518
1406
1425
1612
1448
1788
1952
558
391
1317
1131
1184
1310
853
1772
898
1821
1540
611
825
1237
1501
1800
533
1640
1598
926
616
557
1335
1270
1061
1276
882
1643
651
1235
1716
1590
2035
1681
1490
874
1736
775
1592
1179
1432
1271
1289
1279
1528
1550
1496
1900
1775
1871
798
1826
1336
1477
1917
1643
1692
816
1175
1286
1937
1461
1751
1732
779
1384
1670
1838
1082
950
838
1451
2164
1059
1558
1582
1112
330
1692
840
1293
563
1107
1150
1210
1842
2029
624
1689
872
678
1361
1163
736
1547
1571
1158
1540
1173
1273
1567
1500
983
1266
1276
458
576
1396
1200
1141
1044
1330
1103
871
1590
784
928
1553
1571
1555
1042
1553
1691
1674
1470
1890
1401
1616
1776
1108
1532
1287
1596
1423
1295
1736
1408
1839
1908
1885
1848
1673
1039
1592
1711
1245
1130
1037
1625
1951
1856
1930
1380
766
1437
1675
1552
1539
589
1379
501
1396
2032
1553
1591
760
737
1661
1062
1337
1503
1356
1921
1634
717
1217
1735
1256
1337
1514
1521
1129
753
522
1797
913
1730
1869
1390
1357
2000
619
1318
1278
1140
1300
679
1794
1606
1456
248
1189
1481
1366
982
1893
911
771
1361
1259
1841
970
1060
1780
2074
1851
1323
1109
633
1794
1417
1701
222
1745
1712
1689
1539
1772
934
648
1745
1687
1656
1346
1116
1438
1095
849
1948
1061
1415
1427
1046
1064
1598
1917
1276
627
1281
1045
1443
1528
1269
1753
1313
1580
1898
1562
786
1486
2152
1174
1389
1535
1073
1293
1455
1071
1600
782
1227
1016
1270
1548
712
1375
1957
789
2166
735
1198
731
1639
1845
1438
1165
1301
782
790
1852
1221
1853
1458
1489
1140
1516
1435
1795
1151
1348
1673
651
1667
1891
1883
1782
1780
1147
1686
291
1393
1164
1376
838
2138
1419
1141
700
1947
965
165
869
782
1908
1965
1780
1646
1882
1215
1572
992
1230
1298
867
622
1714
1188
757
1432
1489
1418
1675
1911
1000
1935
1629
1501
1673
1367
992
780
1127
560
1613
1440
1710
1504
1221
1298
1261
605
1794
1751
1475
1800
1583
1386
2077
630
1208
835
1716
1404
971
1200
1815
1825
1591
1368
621
2032
634
1378
1499
1219
1500
1326
1243
1114
1047
1951
1594
755
1831
1349
1676
425
1728
1418
301
1198
1473
310
1139
1032
1385
1454
1476
1215
1522
2168
419
1584
733
1420
1388
1179
1947
1608
1870
1491
1379
1921
1090
1542
1209
1333
1220
1772
484
1052
957
933
1582
770
1024
1871
1503
1236
348
1278
1127
1031
1170
805
1633
1470
1911
1417
1715
880
1570
1626
1604
1544
2159
1247
1545
1413
1253
1994
1791
1511
793
1701
610
1474
813
1871
1266
1257
1592
1561
2104
1632
231
1403
1494
1364
1088
1410
1533
1269
960
1953
1617
1590
2049
1916
1568
1308
1592
1430
1420
422
1628
1804
1364
1193
1772
462
441
630
1853
1265
